1692
5295
760
3918
5454
2389
1108
1278
468
7431
5697
2481
2493
7742
7590
1442
1011
312
191
9000
5698
621
3770
4501
7023
2168
8834
1205
4192
6424
4369
8898
3890
8495
3373
893
9462
2374
9950
4217
6292
2651
6198
475
6518
4264
6114
915
9009
6226
2633
8992
3943
8421
6747
3070
6814
7931
4143
3764
8615
5328
5027
4057
3407
6529
8552
6627
2656
922
6206
8348
5995
338
3103
534
2108
6113
4522
3794
1281
7829
5588
993
2632
420
1623
8486
1795
7762
9868
2332
2810
2431
4887
7817
5391
1182
1549
1292
1168
2864
9959
6266
7290
6808
7909
9094
8319
221
1297
8553
5546
641
6026
4321
1126
258
4765
8346
9146
9927
8515
7407
5555
8153
2739
3853
3863
1930
9451
620
7755
5344
9119
558
7956
5763
6302
152
2623
7413
6832
3403
6438
5143
8356
5140
5637
7148
2365
8201
9113
6784
2876
2504
790
2367
3993
3875
8286
7052
6586
3260
8668
9800
3491
9294
5807
8327
1472
4867
3710
360
3483
2486
3812
1438
5631
3059
4381
4138
2194
4227
2658
5902
5766
8311
6537
7668
323
6297
2748
8665
4450
4727
4481
8070
334
3370
8195
4410
3434
6157
5701
1116
3558
4096
5098
9578
6771
7395
2915
3523
6361
4200
9658
3688
4276
261
4266
8878
1242
3610
8608
3214
9016
4405
6753
3953
6498
3823
15
8563
5582
8132
2650
8685
8911
3722
9164
1635
9657
2699
4396
1462
9328
2620
1144
2328
1834
634
3308
9540
2311
7724
4485
4900
2091
6034
2584
778
4229
5670
8859
8680
67
2477
1974
203
2730
6399
7280
3152
1628
7638
8670
3602
9684
5035
8897
6164
7004
6787
7575
2537
6354
8581
5479
9361
9725
2003
3322
6149
2280
2552
6463
8798
1921
2701
358
5703
3590
2610
3995
3106
1573
1356
3877
8809
4539
1041
4170
2640
4537
4813
2859
1889
1774
25
1256
6112
1682
5390
2914
3616
9617
7735
8147
8871
3477
9608
7445
7614
4729
1341
4662
9922
6233
9055
6893
1117
539
5132
6861
3492
8543
6358
9281
4016
6969
6152
613
7467
1582
9894
3268
8554
3080
305
424
8700
7714
1083
2559
8747
7515
7710
3691
7907
3529
8097
2775
2602
4270
4040
4829
2698
9314
471
855
2223
2073
2384
9172
9099
1119
8339
627
9965
7155
6460
6339
9074
9746
3502
6346
8261
5150
4843
8885
8761
1469
4347
4131
84
4067
2892
9737
2512
1802
2490
8889
7702
6014
1943
9358
5689
2697
4869
9
1576
5037
5446
2405
4036
1197
1832
3508
200
1984
8072
4791
5970
8860
8315
1417
9477
7977
526
5981
1565
9249
4367
6276
9005
6451
2278
4361
9175
5581
4332
9573
8794
5306
5840
1998
735
3412
3292
3603
9854
9371
9029
1103
1404
2795
6471
7571
4261
6242
9577
6458
8841
4634
9998
8767
7300
8334
9046
4089
5197
4330
8623
2401
1678
5743
1234
9769
7301
1710
7645
1435
2528
5408
5864
2056
406
7204
1841
